 ---------------------------------------------------------------------
 Center     Atomic      Atomic             Coordinates (Angstroms)
 Number     Number       Type             X           Y           Z
 ---------------------------------------------------------------------
      1          6           0        0.846900    1.041140   -0.000054
      2          6           0       -0.542235    1.274194   -0.000057
      3          6           0        1.477653   -0.209540   -0.000048
      4          6           0       -1.477643    0.209551   -0.000058
      5          6           0        0.542244   -1.274185   -0.000050
      6          6           0       -0.846891   -1.041130   -0.000054
      7          8           0        1.460605    2.264131   -0.000057
      8          7           0       -0.764450    2.640199   -0.000051
      9          6           0        0.423445    3.172950   -0.000083
     10          8           0       -1.460596   -2.264122   -0.000052
     11          7           0        0.764459   -2.640190   -0.000059
     12          6           0       -0.423435   -3.172941   -0.000028
     13          6           0        2.877703   -0.388808   -0.000050
     14          6           0        4.084976   -0.539506   -0.000089
     15          6           0       -2.877694    0.388820   -0.000060
     16          6           0       -4.084992    0.539476   -0.000031
     17          6           0        0.768168    4.588939   -0.000073
     18          6           0        2.107567    5.010422   -0.000121
     19          6           0       -0.262329    5.544425   -0.000007
     20          6           0        2.408041    6.370582   -0.000109
     21          1           0        2.902076    4.271839   -0.000169
     22          6           0        0.047394    6.900551    0.000005
     23          1           0       -1.292566    5.204265    0.000032
     24          6           0        1.381864    7.317922   -0.000046
     25          1           0        3.445973    6.691589   -0.000148
     26          1           0       -0.752950    7.635272    0.000053
     27          1           0        1.620332    8.378032   -0.000037
     28          6           0       -0.768159   -4.588930   -0.000040
     29          6           0        0.262338   -5.544417   -0.000109
     30          6           0       -2.107558   -5.010413    0.000009
     31          6           0       -0.047385   -6.900543   -0.000123
     32          1           0        1.292575   -5.204257   -0.000148
     33          6           0       -2.408032   -6.370573   -0.000006
     34          1           0       -2.902068   -4.271830    0.000060
     35          6           0       -1.381856   -7.317913   -0.000071
     36          1           0        0.752958   -7.635264   -0.000174
     37          1           0       -3.445965   -6.691579    0.000034
     38          1           0       -1.620324   -8.378024   -0.000082
     39          6           0        5.494290   -0.733984    0.000023
     40          6           0        6.033633   -2.036857    0.000078
     41          6           0        6.372817    0.368584    0.000077
     42          6           0        7.412447   -2.225647    0.000184
     43          1           0        5.358080   -2.886534    0.000035
     44          6           0        7.750210    0.168894    0.000183
     45          1           0        5.960452    1.372824    0.000035
     46          6           0        8.275053   -1.126170    0.000237
     47          1           0        7.816405   -3.234419    0.000225
     48          1           0        8.417534    1.026543    0.000224
     49          1           0        9.350984   -1.277725    0.000320
     50          6           0       -5.494306    0.733960    0.000043
     51          6           0       -6.372841   -0.368604    0.000082
     52          6           0       -6.033642    2.036834    0.000077
     53          6           0       -7.750234   -0.168902    0.000152
     54          1           0       -5.960483   -1.372846    0.000056
     55          6           0       -7.412455    2.225634    0.000147
     56          1           0       -5.358085    2.886507    0.000046
     57          6           0       -8.275069    1.126165    0.000185
     58          1           0       -8.417566   -1.026545    0.000182
     59          1           0       -7.816405    3.234409    0.000172
     60          1           0       -9.350998    1.277730    0.000240
 ---------------------------------------------------------------------


...


      Molecular Orbital Coefficients:
                         129       130       131       132       133
                           O         O         O         O         O
     Eigenvalues --    -0.26193  -0.26193  -0.23833  -0.22681  -0.20167
   1 1   C  1S          0.00000   0.00000   0.00000   0.00000   0.00000
   2        2S          0.00000   0.00000   0.00000   0.00000   0.00000
   3        2PX         0.00000   0.00000   0.00000   0.00000   0.00000
   4        2PY         0.00000   0.00000   0.00000   0.00000   0.00000
   5        2PZ        -0.00103  -0.00080  -0.08968  -0.20445   0.04774
   6        3S          0.00000   0.00000   0.00000   0.00000   0.00000
   7        3PX         0.00000   0.00000   0.00000   0.00000   0.00000
   8        3PY         0.00000   0.00000   0.00000   0.00000   0.00000
   9        3PZ        -0.00098  -0.00065  -0.09465  -0.20343   0.03551
  10 2   C  1S          0.00000   0.00000   0.00000   0.00000   0.00000
  11        2S          0.00000   0.00000   0.00000   0.00000   0.00000
  12        2PX         0.00000   0.00000   0.00000   0.00000   0.00000
  13        2PY         0.00000   0.00000   0.00000   0.00000   0.00000
  14        2PZ         0.00059  -0.00025  -0.06005  -0.14110  -0.10975
  15        3S          0.00000   0.00000   0.00000   0.00000   0.00000
  16        3PX         0.00000   0.00000   0.00000   0.00000   0.00000
  17        3PY         0.00000   0.00000   0.00000   0.00000   0.00000
  18        3PZ         0.00108  -0.00039  -0.06102  -0.14050  -0.10606
  19 3   C  1S          0.00000   0.00000   0.00000   0.00000   0.00000
  20        2S          0.00000   0.00000   0.00000   0.00000   0.00000
  21        2PX         0.00000   0.00000   0.00000   0.00000   0.00000
  22        2PY         0.00000   0.00000   0.00000   0.00000   0.00000
  23        2PZ        -0.00174  -0.00092  -0.00046  -0.02060   0.17349
  24        3S          0.00000   0.00000   0.00000   0.00001   0.00000
  25        3PX         0.00000   0.00000   0.00000   0.00000   0.00000
  26        3PY         0.00000   0.00000   0.00000   0.00000   0.00000
  27        3PZ        -0.00219  -0.00107  -0.00571  -0.02191   0.20605
  28 4   C  1S          0.00000   0.00000   0.00000   0.00000   0.00000
  29        2S          0.00000   0.00000   0.00000   0.00000   0.00000
  30        2PX         0.00000   0.00000   0.00000   0.00000   0.00000
  31        2PY         0.00000   0.00000   0.00000   0.00000   0.00000
  32        2PZ        -0.00164   0.00110  -0.00045   0.02060  -0.17349
  33        3S          0.00000   0.00000   0.00000   0.00000   0.00000
  34        3PX         0.00000   0.00000   0.00000   0.00000   0.00000
  35        3PY         0.00000   0.00000   0.00000   0.00000   0.00000
  36        3PZ        -0.00207   0.00128  -0.00571   0.02191  -0.20605
  37 5   C  1S          0.00000   0.00000   0.00000   0.00000   0.00000
  38        2S          0.00000   0.00000   0.00000   0.00000   0.00000
  39        2PX         0.00000   0.00000   0.00000   0.00000   0.00000
  40        2PY         0.00000   0.00000   0.00000   0.00000   0.00000
  41        2PZ         0.00061   0.00019  -0.06005   0.14111   0.10975
  42        3S          0.00000   0.00000   0.00000   0.00000   0.00000
  43        3PX         0.00000   0.00000   0.00000   0.00000   0.00000
  44        3PY         0.00000   0.00000   0.00000   0.00000   0.00000
  45        3PZ         0.00111   0.00027  -0.06102   0.14050   0.10606
  46 6   C  1S          0.00000   0.00000   0.00000   0.00000   0.00000
  47        2S          0.00000   0.00000   0.00000   0.00000   0.00000
  48        2PX         0.00000   0.00000   0.00000   0.00000   0.00000
  49        2PY         0.00000   0.00000   0.00000   0.00000   0.00000
  50        2PZ        -0.00094   0.00090  -0.08967   0.20446  -0.04774
  51        3S          0.00000   0.00000   0.00000   0.00000   0.00000
  52        3PX         0.00000   0.00000   0.00000   0.00000   0.00000
  53        3PY         0.00000   0.00000   0.00000   0.00000   0.00000
  54        3PZ        -0.00091   0.00074  -0.09464   0.20344  -0.03551
  55 7   O  1S          0.00000   0.00000   0.00000   0.00000   0.00000
  56        2S          0.00000   0.00000   0.00000   0.00000   0.00000
  57        2PX         0.00000   0.00000   0.00000   0.00000   0.00000
  58        2PY         0.00000   0.00000   0.00000   0.00000   0.00000
  59        2PZ         0.00057   0.00085   0.03122   0.07211  -0.08291
  60        3S          0.00000   0.00000   0.00000   0.00000   0.00000
  61        3PX         0.00000   0.00000   0.00000   0.00000   0.00000
  62        3PY         0.00000   0.00000   0.00000   0.00000   0.00000
  63        3PZ         0.00065   0.00098   0.03898   0.08351  -0.10278
  64 8   N  1S          0.00000   0.00000   0.00000   0.00000   0.00000
  65        2S          0.00000   0.00000   0.00000   0.00000   0.00000
  66        2PX         0.00000   0.00000   0.00000   0.00000   0.00000
  67        2PY         0.00000   0.00000   0.00000   0.00000   0.00000
  68        2PZ         0.00283  -0.00047   0.05933   0.08876   0.09116
  69        3S          0.00000   0.00000   0.00000   0.00000   0.00000
  70        3PX         0.00000   0.00000   0.00000   0.00000   0.00000
  71        3PY         0.00000   0.00000   0.00000   0.00000   0.00000
  72        3PZ         0.00304  -0.00053   0.06936   0.09479   0.11031
  73 9   C  1S          0.00000   0.00000   0.00000   0.00000   0.00000
  74        2S          0.00000   0.00000   0.00000   0.00000   0.00000
  75        2PX         0.00000   0.00000   0.00000   0.00000   0.00000
  76        2PY         0.00000   0.00000   0.00000   0.00000   0.00000
  77        2PZ         0.00050   0.00007   0.06150   0.14117   0.07804
  78        3S          0.00000   0.00000   0.00000   0.00000   0.00000
  79        3PX         0.00000   0.00000   0.00000   0.00000   0.00001
  80        3PY         0.00000   0.00000   0.00000   0.00000   0.00000
  81        3PZ         0.00082   0.00015   0.06954   0.16112   0.07822
  82 10  O  1S          0.00000   0.00000   0.00000   0.00000   0.00000
  83        2S          0.00000   0.00000   0.00000   0.00000   0.00000
  84        2PX         0.00000   0.00000   0.00000   0.00000   0.00000
  85        2PY         0.00000   0.00000   0.00000   0.00000   0.00000
  86        2PZ         0.00048  -0.00090   0.03121  -0.07211   0.08291
  87        3S          0.00000   0.00000   0.00000   0.00000   0.00000
  88        3PX         0.00000   0.00000   0.00000   0.00000   0.00000
  89        3PY         0.00000   0.00000   0.00000   0.00000   0.00000
  90        3PZ         0.00054  -0.00104   0.03898  -0.08351   0.10278
  91 11  N  1S          0.00000   0.00000   0.00000   0.00000   0.00000
  92        2S          0.00000   0.00000   0.00000   0.00000   0.00000
  93        2PX         0.00000   0.00000   0.00000   0.00000   0.00000
  94        2PY         0.00000   0.00000   0.00000   0.00000   0.00000
  95        2PZ         0.00286   0.00018   0.05933  -0.08876  -0.09115
  96        3S          0.00000   0.00000   0.00000   0.00000   0.00000
  97        3PX         0.00000   0.00000   0.00000   0.00000   0.00000
  98        3PY         0.00000   0.00000   0.00000   0.00000   0.00000
  99        3PZ         0.00308   0.00022   0.06936  -0.09479  -0.11031
 100 12  C  1S          0.00000   0.00000   0.00000   0.00000   0.00000
 101        2S          0.00000   0.00000   0.00000   0.00000   0.00000
 102        2PX         0.00000   0.00000   0.00000   0.00000   0.00000
 103        2PY         0.00000   0.00000   0.00000   0.00000   0.00000
 104        2PZ         0.00049  -0.00012   0.06150  -0.14117  -0.07804
 105        3S          0.00000   0.00000   0.00000   0.00000   0.00000
 106        3PX         0.00000   0.00000   0.00000   0.00000  -0.00001
 107        3PY         0.00000   0.00000   0.00000   0.00000   0.00000
 108        3PZ         0.00080  -0.00023   0.06953  -0.16112  -0.07822
 109 13  C  1S          0.00000   0.00000   0.00000   0.00000   0.00000
 110        2S          0.00000   0.00000   0.00000   0.00000   0.00000
 111        2PX         0.00000   0.00000   0.00001   0.00000  -0.00001
 112        2PY         0.00000   0.00000   0.00000   0.00000   0.00000
 113        2PZ        -0.00080  -0.00009   0.16871   0.05839  -0.12648
 114        3S          0.00000   0.00000   0.00002   0.00001  -0.00001
 115        3PX         0.00000   0.00000   0.00001   0.00001  -0.00001
 116        3PY         0.00000   0.00000   0.00000   0.00000   0.00000
 117        3PZ        -0.00045   0.00006   0.17397   0.05775  -0.13539
 118 14  C  1S          0.00000   0.00000   0.00000   0.00000   0.00000
 119        2S          0.00000   0.00000   0.00000   0.00000   0.00000
 120        2PX         0.00000   0.00000   0.00000   0.00000   0.00000
 121        2PY         0.00000   0.00000   0.00000   0.00000   0.00000
 122        2PZ         0.00057   0.00056   0.10691   0.04811  -0.17209
 123        3S          0.00000   0.00000  -0.00001  -0.00001   0.00002
 124        3PX         0.00000   0.00000   0.00001   0.00001   0.00000
 125        3PY         0.00000   0.00000   0.00000   0.00000   0.00000
 126        3PZ         0.00038   0.00040   0.09163   0.04517  -0.17216
 127 15  C  1S          0.00000   0.00000   0.00000   0.00000   0.00000
 128        2S          0.00000   0.00000   0.00000   0.00000   0.00000
 129        2PX         0.00000   0.00000   0.00000   0.00000   0.00000
 130        2PY         0.00000   0.00000   0.00000   0.00000   0.00000
 131        2PZ        -0.00079   0.00017   0.16871  -0.05840   0.12649
 132        3S          0.00000   0.00000   0.00001   0.00000   0.00000
 133        3PX         0.00000   0.00000  -0.00001   0.00000   0.00000
 134        3PY         0.00000   0.00000   0.00000   0.00000   0.00000
 135        3PZ        -0.00045  -0.00001   0.17397  -0.05776   0.13540
 136 16  C  1S          0.00000   0.00000   0.00000   0.00000   0.00000
 137        2S          0.00000   0.00000   0.00000   0.00000   0.00000
 138        2PX         0.00000   0.00000   0.00001   0.00000   0.00001
 139        2PY         0.00000   0.00000   0.00000   0.00000   0.00000
 140        2PZ         0.00051  -0.00062   0.10691  -0.04811   0.17210
 141        3S          0.00000   0.00000  -0.00001   0.00000   0.00000
 142        3PX         0.00000   0.00000  -0.00001   0.00000   0.00001
 143        3PY         0.00000   0.00000   0.00000   0.00000   0.00000
 144        3PZ         0.00033  -0.00044   0.09162  -0.04518   0.17217
 145 17  C  1S          0.00000   0.00000   0.00000   0.00000   0.00000
 146        2S          0.00000   0.00000   0.00000   0.00000   0.00000
 147        2PX         0.00000   0.00000   0.00000   0.00000   0.00000
 148        2PY         0.00000   0.00000   0.00000   0.00000   0.00000
 149        2PZ        -0.00413  -0.00011  -0.07282  -0.11379  -0.02947
 150        3S          0.00000   0.00000   0.00000   0.00000   0.00000
 151        3PX         0.00000   0.00000   0.00000   0.00000  -0.00001
 152        3PY         0.00000   0.00000   0.00000   0.00000   0.00000
 153        3PZ        -0.00445  -0.00012  -0.08048  -0.12823  -0.03290
 154 18  C  1S          0.00000   0.00000   0.00000   0.00000   0.00000
 155        2S          0.00000   0.00000   0.00000   0.00000   0.00000
 156        2PX         0.00000   0.00000   0.00000   0.00000   0.00000
 157        2PY         0.00000   0.00000   0.00000   0.00000   0.00000
 158        2PZ        -0.00069  -0.00066  -0.04812  -0.09026  -0.03301
 159        3S          0.00000   0.00000   0.00000   0.00000   0.00000
 160        3PX         0.00000   0.00000   0.00000   0.00000   0.00000
 161        3PY         0.00000   0.00000   0.00000   0.00000   0.00000
 162        3PZ        -0.00066  -0.00065  -0.05027  -0.09535  -0.04284
 163 19  C  1S          0.00000   0.00000   0.00000   0.00000   0.00000
 164        2S          0.00000   0.00000   0.00000   0.00000   0.00000
 165        2PX         0.00000   0.00000   0.00000  -0.00001   0.00000
 166        2PY         0.00000   0.00000   0.00000   0.00000   0.00000
 167        2PZ        -0.00331   0.00049  -0.05173  -0.09284  -0.03899
 168        3S          0.00000   0.00000   0.00000   0.00000   0.00000
 169        3PX         0.00000   0.00000   0.00000  -0.00001   0.00000
 170        3PY         0.00000   0.00000   0.00000   0.00000   0.00000
 171        3PZ        -0.00326   0.00047  -0.05259  -0.09701  -0.03915
 172 20  C  1S          0.00000   0.00000   0.00000   0.00000   0.00000
 173        2S          0.00000   0.00000   0.00000   0.00000   0.00000
 174        2PX         0.00000   0.00000   0.00000   0.00000   0.00000
 175        2PY         0.00000   0.00000   0.00000   0.00000   0.00000
 176        2PZ         0.00330  -0.00052   0.03264   0.04723   0.01632
 177        3S          0.00000   0.00000   0.00000   0.00000   0.00000
 178        3PX         0.00000   0.00000   0.00000   0.00000   0.00000
 179        3PY         0.00000   0.00000   0.00000   0.00000   0.00000
 180        3PZ         0.00342  -0.00056   0.03383   0.04842   0.01933
 181 21  H  1S          0.00000   0.00000   0.00000   0.00000   0.00000
 182        2S          0.00000   0.00000   0.00000   0.00000   0.00000
 183 22  C  1S          0.00000   0.00000   0.00000   0.00000   0.00000
 184        2S          0.00000   0.00000   0.00000   0.00000   0.00000
 185        2PX         0.00000   0.00000   0.00000   0.00000   0.00000
 186        2PY         0.00000   0.00000   0.00000   0.00000   0.00000
 187        2PZ         0.00062   0.00063   0.02721   0.04159   0.00548
 188        3S          0.00000   0.00000   0.00000   0.00000   0.00000
 189        3PX         0.00000   0.00000   0.00000   0.00000   0.00000
 190        3PY         0.00000   0.00000   0.00000   0.00000   0.00000
 191        3PZ         0.00058   0.00067   0.02732   0.04173   0.00285
 192 23  H  1S          0.00000   0.00000   0.00000   0.00000   0.00000
 193        2S          0.00000   0.00000   0.00000   0.00000   0.00000
 194 24  C  1S          0.00000   0.00000   0.00000   0.00000   0.00000
 195        2S          0.00000   0.00000   0.00000   0.00000   0.00000
 196        2PX         0.00000   0.00000   0.00000   0.00001   0.00000
 197        2PY         0.00000   0.00000   0.00000   0.00000   0.00000
 198        2PZ         0.00395   0.00014   0.07494   0.12545   0.04312
 199        3S          0.00000   0.00000   0.00000   0.00000   0.00000
 200        3PX         0.00000   0.00000   0.00000   0.00001   0.00000
 201        3PY         0.00000   0.00000   0.00000   0.00000   0.00000
 202        3PZ         0.00414   0.00015   0.08207   0.14039   0.05036
 203 25  H  1S          0.00000   0.00000   0.00000   0.00000   0.00000
 204        2S          0.00000   0.00000   0.00000   0.00000   0.00000
 205 26  H  1S          0.00000   0.00000   0.00000   0.00000   0.00000
 206        2S          0.00000   0.00000   0.00000   0.00000   0.00000
 207 27  H  1S          0.00000   0.00000   0.00000   0.00000   0.00000
 208        2S          0.00000   0.00000   0.00000   0.00000   0.00000
 209 28  C  1S          0.00000   0.00000   0.00000   0.00000   0.00000
 210        2S          0.00000   0.00000   0.00000   0.00000   0.00000
 211        2PX         0.00000   0.00000   0.00000   0.00000   0.00000
 212        2PY         0.00000   0.00000   0.00000   0.00000   0.00000
 213        2PZ        -0.00409   0.00053  -0.07282   0.11379   0.02947
 214        3S          0.00000   0.00000   0.00000   0.00000   0.00000
 215        3PX         0.00000   0.00000   0.00000   0.00000   0.00001
 216        3PY         0.00000   0.00000   0.00000   0.00000   0.00000
 217        3PZ        -0.00441   0.00057  -0.08048   0.12823   0.03290
 218 29  C  1S          0.00000   0.00000   0.00000   0.00000   0.00000
 219        2S          0.00000   0.00000   0.00000   0.00000   0.00000
 220        2PX         0.00000   0.00000   0.00000   0.00001   0.00000
 221        2PY         0.00000   0.00000   0.00000   0.00000   0.00000
 222        2PZ        -0.00334  -0.00015  -0.05173   0.09284   0.03898
 223        3S          0.00000   0.00000   0.00000   0.00000   0.00000
 224        3PX         0.00000   0.00000   0.00000   0.00001   0.00000
 225        3PY         0.00000   0.00000   0.00000   0.00000   0.00000
 226        3PZ        -0.00329  -0.00014  -0.05259   0.09701   0.03915
 227 30  C  1S          0.00000   0.00000   0.00000   0.00000   0.00000
 228        2S          0.00000   0.00000   0.00000   0.00000   0.00000
 229        2PX         0.00000   0.00000   0.00000   0.00000   0.00000
 230        2PY         0.00000   0.00000   0.00000   0.00000   0.00000
 231        2PZ        -0.00062   0.00072  -0.04811   0.09026   0.03301
 232        3S          0.00000   0.00000   0.00000   0.00000   0.00000
 233        3PX         0.00000   0.00000   0.00000   0.00000   0.00001
 234        3PY         0.00000   0.00000   0.00000   0.00000   0.00000
 235        3PZ        -0.00059   0.00072  -0.05027   0.09535   0.04284
 236 31  C  1S          0.00000   0.00000   0.00000   0.00000   0.00000
 237        2S          0.00000   0.00000   0.00000   0.00000   0.00000
 238        2PX         0.00000   0.00000   0.00000   0.00000   0.00000
 239        2PY         0.00000   0.00000   0.00000   0.00000   0.00000
 240        2PZ         0.00055  -0.00069   0.02721  -0.04159  -0.00547
 241        3S          0.00000   0.00000   0.00000   0.00000   0.00000
 242        3PX         0.00000   0.00000   0.00000   0.00000   0.00000
 243        3PY         0.00000   0.00000   0.00000   0.00000   0.00000
 244        3PZ         0.00051  -0.00072   0.02732  -0.04173  -0.00285
 245 32  H  1S          0.00000   0.00000   0.00000   0.00000   0.00000
 246        2S          0.00000   0.00000   0.00000   0.00000   0.00000
 247 33  C  1S          0.00000   0.00000   0.00000   0.00000   0.00000
 248        2S          0.00000   0.00000   0.00000   0.00000   0.00000
 249        2PX         0.00000   0.00000   0.00000   0.00000   0.00000
 250        2PY         0.00000   0.00000   0.00000   0.00000   0.00000
 251        2PZ         0.00334   0.00018   0.03264  -0.04723  -0.01632
 252        3S          0.00000   0.00000   0.00000   0.00000   0.00000
 253        3PX         0.00000   0.00000   0.00000   0.00000   0.00000
 254        3PY         0.00000   0.00000   0.00000   0.00000   0.00000
 255        3PZ         0.00346   0.00020   0.03383  -0.04842  -0.01933
 256 34  H  1S          0.00000   0.00000   0.00000   0.00000   0.00000
 257        2S          0.00000   0.00000   0.00000   0.00000   0.00000
 258 35  C  1S          0.00000   0.00000   0.00000   0.00000   0.00000
 259        2S          0.00000   0.00000   0.00000   0.00000   0.00000
 260        2PX         0.00000   0.00000   0.00000  -0.00001   0.00000
 261        2PY         0.00000   0.00000   0.00000   0.00000   0.00000
 262        2PZ         0.00392  -0.00054   0.07494  -0.12545  -0.04312
 263        3S          0.00000   0.00000   0.00000   0.00000   0.00000
 264        3PX         0.00000   0.00000   0.00000  -0.00001   0.00000
 265        3PY         0.00000   0.00000   0.00000   0.00000   0.00000
 266        3PZ         0.00410  -0.00057   0.08207  -0.14039  -0.05036
 267 36  H  1S          0.00000   0.00000   0.00000   0.00000   0.00000
 268        2S          0.00000   0.00000   0.00000   0.00000   0.00000
 269 37  H  1S          0.00000   0.00000   0.00000   0.00000   0.00000
 270        2S          0.00000   0.00000   0.00000   0.00000   0.00000
 271 38  H  1S          0.00000   0.00000   0.00000   0.00000   0.00000
 272        2S          0.00000   0.00000   0.00000   0.00000   0.00000
 273 39  C  1S          0.00000   0.00000   0.00000   0.00000   0.00000
 274        2S          0.00000   0.00000   0.00000   0.00000   0.00000
 275        2PX         0.00000   0.00000   0.00001   0.00000   0.00000
 276        2PY         0.00000   0.00000   0.00000   0.00000   0.00000
 277        2PZ         0.00150   0.00055  -0.13995  -0.04224   0.07831
 278        3S          0.00000   0.00000  -0.00001  -0.00001   0.00000
 279        3PX         0.00000   0.00000   0.00002   0.00001  -0.00001
 280        3PY         0.00000   0.00000   0.00000   0.00000   0.00000
 281        3PZ         0.00179   0.00077  -0.14548  -0.04522   0.08514
 282 40  C  1S          0.00000   0.00000   0.00000   0.00000   0.00000
 283        2S          0.00000   0.00000   0.00000   0.00000   0.00000
 284        2PX        -0.00001  -0.00001   0.00001   0.00000  -0.00001
 285        2PY         0.00000   0.00000   0.00000   0.00000   0.00000
 286        2PZ         0.18984   0.17095  -0.09347  -0.03332   0.09073
 287        3S          0.00000   0.00000   0.00000   0.00000   0.00000
 288        3PX        -0.00001  -0.00001   0.00001   0.00000  -0.00001
 289        3PY         0.00000   0.00000   0.00000   0.00000   0.00000
 290        3PZ         0.19603   0.17653  -0.10000  -0.03603   0.10260
 291 41  C  1S          0.00000   0.00000   0.00000   0.00000   0.00000
 292        2S          0.00000   0.00000   0.00000   0.00000   0.00000
 293        2PX         0.00001   0.00001   0.00001   0.00000  -0.00001
 294        2PY         0.00000   0.00000   0.00000   0.00000   0.00000
 295        2PZ        -0.18889  -0.17083  -0.09190  -0.03260   0.09029
 296        3S          0.00000   0.00000   0.00000   0.00000   0.00000
 297        3PX         0.00001   0.00001   0.00001   0.00000  -0.00001
 298        3PY         0.00000   0.00000   0.00000   0.00000   0.00000
 299        3PZ        -0.19571  -0.17699  -0.09878  -0.03548   0.10251
 300 42  C  1S          0.00000   0.00000   0.00000   0.00000   0.00000
 301        2S          0.00000   0.00000   0.00000   0.00000   0.00000
 302        2PX        -0.00001  -0.00001   0.00000   0.00000   0.00000
 303        2PY         0.00000   0.00000   0.00000   0.00000   0.00000
 304        2PZ         0.18771   0.16979   0.05740   0.01624  -0.02833
 305        3S          0.00000   0.00000   0.00000   0.00000   0.00000
 306        3PX        -0.00001  -0.00001   0.00000   0.00000   0.00000
 307        3PY         0.00000   0.00000   0.00000   0.00000   0.00000
 308        3PZ         0.19436   0.17580   0.05996   0.01686  -0.02868
 309 43  H  1S          0.00000   0.00000   0.00000   0.00000   0.00000
 310        2S          0.00000   0.00000   0.00000   0.00000   0.00000
 311 44  C  1S          0.00000   0.00000   0.00000   0.00000   0.00000
 312        2S          0.00000   0.00000   0.00000   0.00000   0.00000
 313        2PX         0.00001   0.00001   0.00000   0.00000   0.00000
 314        2PY         0.00000   0.00000   0.00000   0.00000   0.00000
 315        2PZ        -0.18813  -0.16939   0.05972   0.01740  -0.02953
 316        3S          0.00000   0.00000   0.00000   0.00000   0.00000
 317        3PX         0.00001   0.00001   0.00000   0.00000   0.00000
 318        3PY         0.00000   0.00000   0.00000   0.00000   0.00000
 319        3PZ        -0.19484  -0.17544   0.06268   0.01824  -0.03021
 320 45  H  1S          0.00000   0.00000   0.00000   0.00000   0.00000
 321        2S          0.00000   0.00000   0.00000   0.00000   0.00000
 322 46  C  1S          0.00000   0.00000   0.00000   0.00000   0.00000
 323        2S          0.00000   0.00000   0.00000   0.00000   0.00000
 324        2PX         0.00000   0.00000  -0.00001   0.00000   0.00001
 325        2PY         0.00000   0.00000   0.00000   0.00000   0.00000
 326        2PZ        -0.00040   0.00040   0.14313   0.04621  -0.10957
 327        3S          0.00000   0.00000   0.00000   0.00000   0.00000
 328        3PX         0.00000   0.00000  -0.00001   0.00000   0.00001
 329        3PY         0.00000   0.00000   0.00000   0.00000   0.00000
 330        3PZ        -0.00036   0.00048   0.15533   0.05127  -0.12759
 331 47  H  1S          0.00000   0.00000   0.00000   0.00000   0.00000
 332        2S          0.00000   0.00000   0.00000   0.00000   0.00000
 333 48  H  1S          0.00000   0.00000   0.00000   0.00000   0.00000
 334        2S          0.00000   0.00000   0.00000   0.00000   0.00000
 335 49  H  1S          0.00000   0.00000   0.00000   0.00000   0.00000
 336        2S          0.00000   0.00000   0.00000   0.00000   0.00000
 337 50  C  1S          0.00000   0.00000   0.00000   0.00000   0.00000
 338        2S          0.00000   0.00000   0.00000   0.00000   0.00000
 339        2PX         0.00000   0.00000  -0.00001   0.00000   0.00000
 340        2PY         0.00000   0.00000   0.00000   0.00000   0.00000
 341        2PZ         0.00143  -0.00070  -0.13994   0.04224  -0.07831
 342        3S          0.00000   0.00000  -0.00001   0.00000   0.00000
 343        3PX         0.00000   0.00000  -0.00001   0.00000  -0.00001
 344        3PY         0.00000   0.00000   0.00000   0.00000   0.00000
 345        3PZ         0.00170  -0.00095  -0.14547   0.04522  -0.08514
 346 51  C  1S          0.00000   0.00000   0.00000   0.00000   0.00000
 347        2S          0.00000   0.00000   0.00000   0.00000   0.00000
 348        2PX        -0.00001   0.00001   0.00000   0.00000   0.00000
 349        2PY         0.00000   0.00000   0.00000   0.00000   0.00000
 350        2PZ        -0.17037   0.18930  -0.09190   0.03260  -0.09030
 351        3S          0.00000   0.00000   0.00000   0.00000   0.00000
 352        3PX        -0.00001   0.00001   0.00000   0.00000   0.00000
 353        3PY         0.00000   0.00000   0.00000   0.00000   0.00000
 354        3PZ        -0.17653   0.19612  -0.09878   0.03549  -0.10251
 355 52  C  1S          0.00000   0.00000   0.00000   0.00000   0.00000
 356        2S          0.00000   0.00000   0.00000   0.00000   0.00000
 357        2PX         0.00001  -0.00001   0.00000   0.00000   0.00000
 358        2PY         0.00000   0.00000   0.00000   0.00000   0.00000
 359        2PZ         0.17131  -0.18951  -0.09347   0.03333  -0.09073
 360        3S          0.00000   0.00000   0.00000   0.00000   0.00000
 361        3PX         0.00001  -0.00001   0.00000   0.00000   0.00000
 362        3PY         0.00000   0.00000   0.00000   0.00000   0.00000
 363        3PZ         0.17689  -0.19570  -0.09999   0.03603  -0.10260
 364 53  C  1S          0.00000   0.00000   0.00000   0.00000   0.00000
 365        2S          0.00000   0.00000   0.00000   0.00000   0.00000
 366        2PX        -0.00001   0.00001   0.00000   0.00000   0.00000
 367        2PY         0.00000   0.00000   0.00000   0.00000   0.00000
 368        2PZ        -0.16977   0.18779   0.05971  -0.01741   0.02953
 369        3S          0.00000   0.00000   0.00000   0.00000   0.00000
 370        3PX        -0.00001   0.00001   0.00000   0.00000   0.00000
 371        3PY         0.00000   0.00000   0.00000   0.00000   0.00000
 372        3PZ        -0.17583   0.19449   0.06268  -0.01824   0.03021
 373 54  H  1S          0.00000   0.00000   0.00000   0.00000   0.00000
 374        2S          0.00000   0.00000   0.00000   0.00000   0.00000
 375 55  C  1S          0.00000   0.00000   0.00000   0.00000   0.00000
 376        2S          0.00000   0.00000   0.00000   0.00000   0.00000
 377        2PX         0.00001  -0.00001   0.00000   0.00000   0.00000
 378        2PY         0.00000   0.00000   0.00000   0.00000   0.00000
 379        2PZ         0.16931  -0.18814   0.05740  -0.01624   0.02833
 380        3S          0.00000   0.00000   0.00000   0.00000   0.00000
 381        3PX         0.00001  -0.00001   0.00000   0.00000   0.00000
 382        3PY         0.00000   0.00000   0.00000   0.00000   0.00000
 383        3PZ         0.17531  -0.19480   0.05995  -0.01686   0.02868
 384 56  H  1S          0.00000   0.00000   0.00000   0.00000   0.00000
 385        2S          0.00000   0.00000   0.00000   0.00000   0.00000
 386 57  C  1S          0.00000   0.00000   0.00000   0.00000   0.00000
 387        2S          0.00000   0.00000   0.00000   0.00000   0.00000
 388        2PX         0.00000   0.00000   0.00001   0.00000   0.00001
 389        2PY         0.00000   0.00000   0.00000   0.00000   0.00000
 390        2PZ        -0.00044  -0.00036   0.14312  -0.04621   0.10958
 391        3S          0.00000   0.00000   0.00000   0.00000   0.00000
 392        3PX         0.00000   0.00000   0.00001   0.00000   0.00001
 393        3PY         0.00000   0.00000   0.00000   0.00000   0.00000
 394        3PZ        -0.00040  -0.00044   0.15532  -0.05127   0.12759
 395 58  H  1S          0.00000   0.00000   0.00000   0.00000   0.00000
 396        2S          0.00000   0.00000   0.00000   0.00000   0.00000
 397 59  H  1S          0.00000   0.00000   0.00000   0.00000   0.00000
 398        2S          0.00000   0.00000   0.00000   0.00000   0.00000
 399 60  H  1S          0.00000   0.00000   0.00000   0.00000   0.00000
 400        2S          0.00000   0.00000   0.00000   0.00000   0.00000
                         134       135       136       137       138
                           V         V         V         V         V
     Eigenvalues --    -0.08607  -0.04424  -0.04114  -0.02367  -0.00643
   1 1   C  1S          0.00000   0.00000   0.00000   0.00000   0.00000
   2        2S          0.00000   0.00000   0.00000   0.00000   0.00000
   3        2PX         0.00000   0.00000   0.00000   0.00000   0.00000
   4        2PY         0.00000   0.00000   0.00000   0.00000   0.00000
   5        2PZ        -0.05872   0.14395   0.10931   0.04577   0.03172
   6        3S          0.00000   0.00001   0.00000  -0.00001   0.00000
   7        3PX         0.00000   0.00000   0.00000   0.00000   0.00000
   8        3PY        -0.00001   0.00000   0.00000   0.00001  -0.00001
   9        3PZ        -0.08923   0.19500   0.12603   0.05898   0.05044
  10 2   C  1S          0.00000   0.00000   0.00000   0.00000   0.00000
  11        2S          0.00000   0.00000   0.00000   0.00000   0.00000
  12        2PX         0.00000   0.00000   0.00000   0.00000   0.00000
  13        2PY         0.00000   0.00000   0.00000   0.00000   0.00000
  14        2PZ        -0.11992  -0.00695   0.03018  -0.08441  -0.03103
  15        3S          0.00000   0.00000   0.00000   0.00000   0.00000
  16        3PX         0.00000   0.00000   0.00000   0.00000   0.00000
  17        3PY         0.00000   0.00001   0.00000   0.00000   0.00000
  18        3PZ        -0.17743  -0.01687   0.02182  -0.10548  -0.05173
  19 3   C  1S          0.00000   0.00000   0.00000   0.00000   0.00000
  20        2S          0.00000   0.00000   0.00000   0.00000   0.00000
  21        2PX         0.00000   0.00000   0.00000   0.00000   0.00000
  22        2PY         0.00000   0.00000   0.00000   0.00000   0.00000
  23        2PZ         0.19128  -0.04954  -0.02775   0.03929  -0.00384
  24        3S          0.00001   0.00000  -0.00001  -0.00001   0.00000
  25        3PX         0.00001   0.00001   0.00000  -0.00002   0.00001
  26        3PY         0.00000   0.00000   0.00000   0.00000   0.00000
  27        3PZ         0.27691  -0.06476  -0.03998   0.05516  -0.00547
  28 4   C  1S          0.00000   0.00000   0.00000   0.00000   0.00000
  29        2S          0.00000   0.00000   0.00000   0.00000   0.00000
  30        2PX         0.00000   0.00000   0.00000   0.00000   0.00000
  31        2PY         0.00000   0.00000   0.00000   0.00000   0.00000
  32        2PZ         0.19128  -0.04954   0.02775  -0.03930  -0.00384
  33        3S          0.00001  -0.00001   0.00000   0.00002   0.00000
  34        3PX        -0.00001   0.00002  -0.00001  -0.00001   0.00000
  35        3PY         0.00000  -0.00001   0.00000   0.00000   0.00000
  36        3PZ         0.27691  -0.06476   0.03997  -0.05517  -0.00547
  37 5   C  1S          0.00000   0.00000   0.00000   0.00000   0.00000
  38        2S          0.00000   0.00000   0.00000   0.00000   0.00000
  39        2PX         0.00000   0.00000   0.00000   0.00000   0.00000
  40        2PY         0.00000   0.00000   0.00000   0.00000   0.00000
  41        2PZ        -0.11992  -0.00695  -0.03018   0.08441  -0.03103
  42        3S          0.00000   0.00000   0.00000   0.00000   0.00000
  43        3PX         0.00000   0.00000   0.00000   0.00000   0.00000
  44        3PY         0.00000   0.00000   0.00000  -0.00001   0.00000
  45        3PZ        -0.17743  -0.01687  -0.02182   0.10548  -0.05172
  46 6   C  1S          0.00000   0.00000   0.00000   0.00000   0.00000
  47        2S          0.00000   0.00000   0.00000   0.00000   0.00000
  48        2PX         0.00000   0.00000   0.00000   0.00000   0.00000
  49        2PY         0.00000   0.00000   0.00000   0.00000   0.00000
  50        2PZ        -0.05872   0.14396  -0.10929  -0.04576   0.03172
  51        3S          0.00000  -0.00001   0.00001   0.00000   0.00000
  52        3PX         0.00000   0.00000   0.00000   0.00000   0.00000
  53        3PY         0.00000  -0.00001   0.00000   0.00000  -0.00001
  54        3PZ        -0.08923   0.19502  -0.12601  -0.05897   0.05044
  55 7   O  1S          0.00000   0.00000   0.00000   0.00000   0.00000
  56        2S          0.00000   0.00000   0.00000   0.00000   0.00000
  57        2PX         0.00000   0.00000   0.00000   0.00000   0.00000
  58        2PY         0.00000   0.00000   0.00000   0.00000   0.00000
  59        2PZ        -0.04575  -0.12057  -0.11182  -0.00453  -0.00448
  60        3S          0.00000   0.00000   0.00000   0.00000   0.00000
  61        3PX         0.00000   0.00000   0.00000   0.00000   0.00000
  62        3PY         0.00000   0.00000   0.00000   0.00000   0.00000
  63        3PZ        -0.05639  -0.16157  -0.14440  -0.00994  -0.01382
  64 8   N  1S          0.00000   0.00000   0.00000   0.00000   0.00000
  65        2S          0.00000   0.00000   0.00000   0.00000   0.00000
  66        2PX         0.00000   0.00000   0.00000   0.00000   0.00000
  67        2PY         0.00000   0.00000   0.00000   0.00000   0.00000
  68        2PZ        -0.06448  -0.10885  -0.15803   0.07002   0.00763
  69        3S          0.00000   0.00000   0.00000   0.00000   0.00000
  70        3PX         0.00000   0.00000   0.00000   0.00000   0.00000
  71        3PY         0.00000   0.00000   0.00000   0.00000   0.00000
  72        3PZ        -0.08292  -0.15307  -0.21545   0.10344   0.02324
  73 9   C  1S          0.00000   0.00000   0.00000   0.00000   0.00000
  74        2S          0.00000   0.00000   0.00000   0.00000   0.00000
  75        2PX         0.00000   0.00000   0.00000   0.00000   0.00000
  76        2PY         0.00000   0.00000   0.00000   0.00000   0.00000
  77        2PZ         0.16856   0.11673   0.13627  -0.01938   0.00042
  78        3S         -0.00001  -0.00001  -0.00001   0.00000   0.00000
  79        3PX         0.00000   0.00001   0.00000   0.00000   0.00001
  80        3PY         0.00000   0.00000   0.00000   0.00000   0.00000
  81        3PZ         0.18050   0.12682   0.14547  -0.02125  -0.00086
  82 10  O  1S          0.00000   0.00000   0.00000   0.00000   0.00000
  83        2S          0.00000   0.00000   0.00000   0.00000   0.00000
  84        2PX         0.00000   0.00000   0.00000   0.00000   0.00000
  85        2PY         0.00000   0.00000   0.00000   0.00000   0.00000
  86        2PZ        -0.04575  -0.12058   0.11181   0.00452  -0.00448
  87        3S          0.00000   0.00000   0.00000   0.00000   0.00000
  88        3PX         0.00000   0.00000   0.00000   0.00000   0.00000
  89        3PY         0.00000   0.00000   0.00000   0.00000   0.00000
  90        3PZ        -0.05638  -0.16158   0.14438   0.00993  -0.01382
  91 11  N  1S          0.00000   0.00000   0.00000   0.00000   0.00000
  92        2S          0.00000   0.00000   0.00000   0.00000   0.00000
  93        2PX         0.00000   0.00000   0.00000   0.00000   0.00000
  94        2PY         0.00000   0.00000   0.00000   0.00000   0.00000
  95        2PZ        -0.06448  -0.10886   0.15802  -0.07003   0.00763
  96        3S          0.00000   0.00000   0.00000   0.00000   0.00000
  97        3PX         0.00000   0.00000   0.00000   0.00000   0.00000
  98        3PY         0.00000   0.00000   0.00000   0.00000   0.00000
  99        3PZ        -0.08292  -0.15308   0.21544  -0.10344   0.02324
 100 12  C  1S          0.00000   0.00000   0.00000   0.00000   0.00000
 101        2S          0.00000   0.00000   0.00000   0.00000   0.00000
 102        2PX         0.00000   0.00000   0.00000   0.00000   0.00000
 103        2PY         0.00000   0.00000   0.00000   0.00000   0.00000
 104        2PZ         0.16856   0.11675  -0.13627   0.01939   0.00042
 105        3S          0.00001   0.00001  -0.00001   0.00000   0.00000
 106        3PX         0.00000   0.00001   0.00000   0.00000   0.00000
 107        3PY         0.00000   0.00000   0.00000   0.00000   0.00000
 108        3PZ         0.18050   0.12684  -0.14546   0.02126  -0.00086
 109 13  C  1S          0.00000   0.00000   0.00000   0.00000   0.00000
 110        2S          0.00000   0.00000   0.00000   0.00000   0.00000
 111        2PX         0.00000   0.00000   0.00000   0.00000   0.00000
 112        2PY         0.00000   0.00000   0.00000   0.00000   0.00000
 113        2PZ         0.05608  -0.09240  -0.05001  -0.15288   0.00312
 114        3S          0.00002  -0.00001  -0.00001  -0.00005   0.00000
 115        3PX         0.00003   0.00000  -0.00002  -0.00006   0.00001
 116        3PY         0.00000   0.00000   0.00000   0.00001   0.00000
 117        3PZ         0.07185  -0.15027  -0.06871  -0.22458   0.00473
 118 14  C  1S          0.00000   0.00000   0.00000   0.00000   0.00000
 119        2S          0.00000   0.00000   0.00000   0.00000   0.00000
 120        2PX         0.00000   0.00000   0.00000   0.00000   0.00000
 121        2PY         0.00000   0.00000   0.00000   0.00000   0.00000
 122        2PZ        -0.14487   0.08154   0.03872   0.05631   0.00049
 123        3S          0.00001  -0.00002   0.00000   0.00002   0.00000
 124        3PX         0.00003  -0.00001  -0.00002  -0.00007   0.00000
 125        3PY         0.00000   0.00000   0.00000   0.00001   0.00000
 126        3PZ        -0.18405   0.12453   0.05559   0.08981   0.00051
 127 15  C  1S          0.00000   0.00000   0.00000   0.00000   0.00000
 128        2S          0.00000   0.00000   0.00000   0.00000   0.00000
 129        2PX         0.00000   0.00000   0.00000   0.00000   0.00000
 130        2PY         0.00000   0.00000   0.00000   0.00000   0.00000
 131        2PZ         0.05608  -0.09241   0.05000   0.15288   0.00312
 132        3S          0.00001  -0.00001   0.00001   0.00001   0.00000
 133        3PX        -0.00002   0.00003  -0.00001  -0.00002   0.00000
 134        3PY         0.00000   0.00000   0.00000   0.00000   0.00000
 135        3PZ         0.07186  -0.15029   0.06870   0.22458   0.00473
 136 16  C  1S          0.00000   0.00000   0.00000   0.00000   0.00000
 137        2S          0.00000   0.00000   0.00000   0.00000   0.00000
 138        2PX        -0.00001   0.00000   0.00000   0.00000   0.00000
 139        2PY         0.00000   0.00000   0.00000   0.00000   0.00000
 140        2PZ        -0.14487   0.08154  -0.03871  -0.05631   0.00049
 141        3S         -0.00001   0.00002  -0.00001  -0.00001   0.00000
 142        3PX        -0.00002   0.00004  -0.00002  -0.00003   0.00000
 143        3PY         0.00000   0.00000   0.00000   0.00000   0.00000
 144        3PZ        -0.18405   0.12454  -0.05557  -0.08980   0.00051
 145 17  C  1S          0.00000   0.00000   0.00000   0.00000   0.00000
 146        2S          0.00000   0.00000   0.00000   0.00000   0.00000
 147        2PX         0.00000   0.00000   0.00001   0.00000   0.00000
 148        2PY         0.00000   0.00000  -0.00001   0.00000   0.00000
 149        2PZ         0.04432   0.11291   0.14840  -0.05791  -0.00891
 150        3S          0.00001   0.00000   0.00000   0.00000   0.00000
 151        3PX         0.00000   0.00000   0.00000   0.00000   0.00000
 152        3PY        -0.00001   0.00000  -0.00001   0.00000   0.00000
 153        3PZ         0.07967   0.18141   0.24076  -0.09364  -0.01444
 154 18  C  1S          0.00000   0.00000   0.00000   0.00000   0.00000
 155        2S          0.00000   0.00000   0.00000   0.00000   0.00000
 156        2PX         0.00000   0.00000  -0.00001   0.00000  -0.00001
 157        2PY         0.00000   0.00000   0.00000   0.00000   0.00000
 158        2PZ        -0.08192  -0.09239  -0.11414   0.02593  -0.18540
 159        3S          0.00001   0.00000   0.00001   0.00000   0.00000
 160        3PX        -0.00001  -0.00001  -0.00001   0.00000  -0.00001
 161        3PY         0.00000   0.00000   0.00000   0.00000   0.00001
 162        3PZ        -0.11817  -0.14814  -0.18144   0.03917  -0.31881
 163 19  C  1S          0.00000   0.00000   0.00000   0.00000   0.00000
 164        2S          0.00000   0.00000   0.00000   0.00000   0.00000
 165        2PX         0.00000   0.00000  -0.00001   0.00000   0.00001
 166        2PY         0.00000   0.00000   0.00000   0.00000   0.00000
 167        2PZ        -0.08047  -0.08802  -0.11398   0.04339   0.19597
 168        3S         -0.00001  -0.00001   0.00000   0.00000   0.00000
 169        3PX        -0.00001  -0.00001  -0.00001   0.00000   0.00001
 170        3PY         0.00000   0.00001   0.00001   0.00000  -0.00001
 171        3PZ        -0.11596  -0.13878  -0.18380   0.07553   0.33461
 172 20  C  1S          0.00000   0.00000   0.00000   0.00000   0.00000
 173        2S          0.00000   0.00000   0.00000   0.00000   0.00000
 174        2PX         0.00000   0.00000   0.00000   0.00000   0.00001
 175        2PY         0.00000   0.00000   0.00000   0.00000   0.00000
 176        2PZ        -0.01476  -0.04084  -0.05896   0.03533   0.19751
 177        3S          0.00000   0.00000   0.00000   0.00000   0.00000
 178        3PX         0.00000   0.00000   0.00000   0.00000   0.00001
 179        3PY         0.00000   0.00000   0.00000   0.00000  -0.00001
 180        3PZ        -0.02548  -0.06632  -0.09674   0.05975   0.33819
 181 21  H  1S          0.00000   0.00000   0.00000   0.00000   0.00000
 182        2S          0.00000   0.00000   0.00000   0.00000   0.00000
 183 22  C  1S          0.00000   0.00000   0.00000   0.00000   0.00000
 184        2S          0.00000   0.00000   0.00000   0.00000   0.00000
 185        2PX         0.00000   0.00000   0.00000   0.00000  -0.00001
 186        2PY         0.00000   0.00000   0.00000   0.00000   0.00000
 187        2PZ        -0.01703  -0.04670  -0.05816   0.01432  -0.18669
 188        3S          0.00000   0.00000   0.00000   0.00000   0.00000
 189        3PX         0.00000   0.00000   0.00000   0.00000  -0.00001
 190        3PY         0.00000   0.00000   0.00000   0.00000   0.00001
 191        3PZ        -0.02854  -0.07598  -0.09406   0.02239  -0.31883
 192 23  H  1S          0.00000   0.00000   0.00000   0.00000   0.00000
 193        2S          0.00000   0.00000   0.00000   0.00000   0.00000
 194 24  C  1S          0.00000   0.00000   0.00000   0.00000   0.00000
 195        2S          0.00000   0.00000   0.00000   0.00000   0.00000
 196        2PX         0.00000   0.00001   0.00001   0.00000   0.00000
 197        2PY         0.00000   0.00000   0.00000   0.00000   0.00000
 198        2PZ         0.09321   0.12647   0.16332  -0.05748  -0.01151
 199        3S          0.00000   0.00000   0.00000   0.00000   0.00000
 200        3PX         0.00001   0.00001   0.00001   0.00000   0.00000
 201        3PY         0.00000   0.00000  -0.00001   0.00000   0.00000
 202        3PZ         0.13384   0.19819   0.25762  -0.09421  -0.01985
 203 25  H  1S          0.00000   0.00000   0.00000   0.00000   0.00000
 204        2S          0.00000   0.00000   0.00000   0.00000   0.00000
 205 26  H  1S          0.00000   0.00000   0.00000   0.00000   0.00000
 206        2S          0.00000   0.00000   0.00000   0.00000   0.00000
 207 27  H  1S          0.00000   0.00000   0.00000   0.00000   0.00000
 208        2S          0.00000   0.00000   0.00000   0.00000   0.00000
 209 28  C  1S          0.00000   0.00000   0.00000   0.00000   0.00000
 210        2S          0.00000   0.00000   0.00000   0.00000   0.00000
 211        2PX         0.00000   0.00001  -0.00001   0.00000   0.00000
 212        2PY         0.00000   0.00000   0.00001   0.00000   0.00000
 213        2PZ         0.04432   0.11292  -0.14839   0.05791  -0.00892
 214        3S         -0.00001   0.00000   0.00000   0.00000   0.00000
 215        3PX         0.00000   0.00000   0.00000   0.00000   0.00000
 216        3PY        -0.00001  -0.00001   0.00001   0.00000   0.00000
 217        3PZ         0.07967   0.18143  -0.24074   0.09365  -0.01444
 218 29  C  1S          0.00000   0.00000   0.00000   0.00000   0.00000
 219        2S          0.00000   0.00000   0.00000   0.00000   0.00000
 220        2PX        -0.00001  -0.00001   0.00001   0.00000   0.00001
 221        2PY         0.00000   0.00000   0.00000   0.00000   0.00000
 222        2PZ        -0.08047  -0.08803   0.11397  -0.04339   0.19594
 223        3S          0.00001   0.00001  -0.00001   0.00000   0.00000
 224        3PX        -0.00001  -0.00001   0.00001   0.00000   0.00002
 225        3PY         0.00001   0.00001  -0.00001   0.00000  -0.00001
 226        3PZ        -0.11596  -0.13880   0.18378  -0.07554   0.33456
 227 30  C  1S          0.00000   0.00000   0.00000   0.00000   0.00000
 228        2S          0.00000   0.00000   0.00000   0.00000   0.00000
 229        2PX         0.00000   0.00000   0.00001   0.00000  -0.00001
 230        2PY         0.00000   0.00000   0.00000   0.00000   0.00000
 231        2PZ        -0.08192  -0.09240   0.11413  -0.02593  -0.18537
 232        3S         -0.00001  -0.00001   0.00001   0.00000   0.00000
 233        3PX        -0.00001  -0.00001   0.00001   0.00000  -0.00002
 234        3PY         0.00000   0.00000   0.00000   0.00000   0.00001
 235        3PZ        -0.11817  -0.14815   0.18143  -0.03917  -0.31876
 236 31  C  1S          0.00000   0.00000   0.00000   0.00000   0.00000
 237        2S          0.00000   0.00000   0.00000   0.00000   0.00000
 238        2PX         0.00000   0.00000   0.00000   0.00000  -0.00001
 239        2PY         0.00000   0.00000   0.00000   0.00000   0.00000
 240        2PZ        -0.01703  -0.04670   0.05816  -0.01432  -0.18666
 241        3S          0.00000   0.00000   0.00000   0.00000   0.00000
 242        3PX         0.00000   0.00000   0.00000   0.00000  -0.00001
 243        3PY         0.00000   0.00000   0.00000   0.00000   0.00001
 244        3PZ        -0.02854  -0.07599   0.09406  -0.02239  -0.31878
 245 32  H  1S          0.00000   0.00000   0.00000   0.00000   0.00000
 246        2S          0.00000   0.00000   0.00000   0.00000   0.00000
 247 33  C  1S          0.00000   0.00000   0.00000   0.00000   0.00000
 248        2S          0.00000   0.00000   0.00000   0.00000   0.00000
 249        2PX         0.00000   0.00000   0.00000   0.00000   0.00001
 250        2PY         0.00000   0.00000   0.00000   0.00000   0.00000
 251        2PZ        -0.01476  -0.04084   0.05895  -0.03533   0.19748
 252        3S          0.00000   0.00000   0.00000   0.00000   0.00000
 253        3PX         0.00000   0.00000   0.00000   0.00000   0.00002
 254        3PY         0.00000   0.00000   0.00000   0.00000  -0.00001
 255        3PZ        -0.02548  -0.06632   0.09673  -0.05975   0.33814
 256 34  H  1S          0.00000   0.00000   0.00000   0.00000   0.00000
 257        2S          0.00000   0.00000   0.00000   0.00000   0.00000
 258 35  C  1S          0.00000   0.00000   0.00000   0.00000   0.00000
 259        2S          0.00000   0.00000   0.00000   0.00000   0.00000
 260        2PX         0.00000   0.00001  -0.00001   0.00000   0.00000
 261        2PY         0.00000   0.00000   0.00000   0.00000   0.00000
 262        2PZ         0.09321   0.12648  -0.16331   0.05748  -0.01151
 263        3S          0.00000   0.00000   0.00000   0.00000   0.00000
 264        3PX         0.00001   0.00001  -0.00001   0.00000   0.00000
 265        3PY         0.00000   0.00000   0.00001   0.00000   0.00000
 266        3PZ         0.13384   0.19821  -0.25760   0.09422  -0.01985
 267 36  H  1S          0.00000   0.00000   0.00000   0.00000   0.00000
 268        2S          0.00000   0.00000   0.00000   0.00000   0.00000
 269 37  H  1S          0.00000   0.00000   0.00000   0.00000   0.00000
 270        2S          0.00000   0.00000   0.00000   0.00000   0.00000
 271 38  H  1S          0.00000   0.00000   0.00000   0.00000   0.00000
 272        2S          0.00000   0.00000   0.00000   0.00000   0.00000
 273 39  C  1S          0.00000   0.00000   0.00000   0.00000   0.00000
 274        2S          0.00000   0.00000   0.00000   0.00000   0.00000
 275        2PX         0.00001  -0.00001  -0.00001  -0.00002   0.00000
 276        2PY         0.00000   0.00000   0.00000   0.00000   0.00000
 277        2PZ        -0.04165   0.09041   0.04783   0.18235  -0.00507
 278        3S         -0.00002   0.00001   0.00001   0.00004   0.00000
 279        3PX         0.00002  -0.00002  -0.00002  -0.00005   0.00000
 280        3PY         0.00000   0.00000   0.00000   0.00001   0.00000
 281        3PZ        -0.06388   0.13500   0.07371   0.28434  -0.00805
 282 40  C  1S          0.00000   0.00000   0.00000   0.00000   0.00000
 283        2S          0.00000   0.00000   0.00000   0.00000   0.00000
 284        2PX        -0.00001   0.00001   0.00000   0.00001   0.00000
 285        2PY         0.00000   0.00000   0.00000   0.00000   0.00000
 286        2PZ         0.07983  -0.07620  -0.03856  -0.11276   0.00229
 287        3S          0.00000   0.00000   0.00000   0.00000   0.00000
 288        3PX        -0.00001   0.00001   0.00001   0.00002   0.00000
 289        3PY         0.00000   0.00000   0.00000   0.00000   0.00000
 290        3PZ         0.10947  -0.11372  -0.05849  -0.17900   0.00383
 291 41  C  1S          0.00000   0.00000   0.00000   0.00000   0.00000
 292        2S          0.00000   0.00000   0.00000   0.00000   0.00000
 293        2PX        -0.00001   0.00001   0.00000   0.00001   0.00000
 294        2PY         0.00000   0.00000   0.00000   0.00000   0.00000
 295        2PZ         0.08012  -0.07654  -0.03888  -0.11378   0.00251
 296        3S          0.00000   0.00000   0.00000   0.00000   0.00000
 297        3PX        -0.00001   0.00001   0.00001   0.00002   0.00000
 298        3PY         0.00000   0.00000   0.00000   0.00000   0.00000
 299        3PZ         0.11019  -0.11434  -0.05911  -0.18090   0.00422
 300 42  C  1S          0.00000   0.00000   0.00000   0.00000   0.00000
 301        2S          0.00000   0.00000   0.00000   0.00000   0.00000
 302        2PX         0.00000   0.00000   0.00000   0.00000   0.00000
 303        2PY         0.00000   0.00000   0.00000   0.00000   0.00000
 304        2PZ         0.01484  -0.03505  -0.01894  -0.07715   0.00243
 305        3S          0.00000   0.00000   0.00000   0.00000   0.00000
 306        3PX         0.00000   0.00000   0.00000   0.00001   0.00000
 307        3PY         0.00000   0.00000   0.00000   0.00000   0.00000
 308        3PZ         0.02710  -0.05945  -0.03190  -0.12977   0.00411
 309 43  H  1S          0.00000   0.00000   0.00000   0.00000   0.00000
 310        2S          0.00000   0.00000   0.00000   0.00000   0.00000
 311 44  C  1S          0.00000   0.00000   0.00000   0.00000   0.00000
 312        2S          0.00000   0.00000   0.00000   0.00000   0.00000
 313        2PX         0.00000   0.00000   0.00000   0.00000   0.00000
 314        2PY         0.00000   0.00000   0.00000   0.00000   0.00000
 315        2PZ         0.01390  -0.03438  -0.01840  -0.07558   0.00220
 316        3S          0.00000   0.00000   0.00000   0.00000   0.00000
 317        3PX         0.00000   0.00000   0.00000   0.00001   0.00000
 318        3PY         0.00000   0.00000   0.00000   0.00000   0.00000
 319        3PZ         0.02575  -0.05850  -0.03108  -0.12738   0.00371
 320 45  H  1S          0.00000   0.00000   0.00000   0.00000   0.00000
 321        2S          0.00000   0.00000   0.00000   0.00000   0.00000
 322 46  C  1S          0.00000   0.00000   0.00000   0.00000   0.00000
 323        2S          0.00000   0.00000   0.00000   0.00000   0.00000
 324        2PX         0.00001  -0.00001   0.00000  -0.00001   0.00000
 325        2PY         0.00000   0.00000   0.00000   0.00000   0.00000
 326        2PZ        -0.09076   0.10450   0.05411   0.18221  -0.00469
 327        3S          0.00000   0.00000   0.00000   0.00000   0.00000
 328        3PX         0.00001  -0.00001  -0.00001  -0.00002   0.00000
 329        3PY         0.00000   0.00000   0.00000   0.00000   0.00000
 330        3PZ        -0.13075   0.16431   0.08551   0.29850  -0.00795
 331 47  H  1S          0.00000   0.00000   0.00000   0.00000   0.00000
 332        2S          0.00000   0.00000   0.00000   0.00000   0.00000
 333 48  H  1S          0.00000   0.00000   0.00000   0.00000   0.00000
 334        2S          0.00000   0.00000   0.00000   0.00000   0.00000
 335 49  H  1S          0.00000   0.00000   0.00000   0.00000   0.00000
 336        2S          0.00000   0.00000   0.00000   0.00000   0.00000
 337 50  C  1S          0.00000   0.00000   0.00000   0.00000   0.00000
 338        2S          0.00000   0.00000   0.00000   0.00000   0.00000
 339        2PX         0.00000   0.00001   0.00000  -0.00001   0.00000
 340        2PY         0.00000   0.00000   0.00000   0.00000   0.00000
 341        2PZ        -0.04166   0.09042  -0.04782  -0.18234  -0.00507
 342        3S         -0.00001   0.00002  -0.00001  -0.00002   0.00000
 343        3PX        -0.00001   0.00002  -0.00001  -0.00003   0.00000
 344        3PY         0.00000   0.00000   0.00000   0.00000   0.00000
 345        3PZ        -0.06388   0.13502  -0.07370  -0.28433  -0.00804
 346 51  C  1S          0.00000   0.00000   0.00000   0.00000   0.00000
 347        2S          0.00000   0.00000   0.00000   0.00000   0.00000
 348        2PX         0.00000   0.00000   0.00000   0.00001   0.00000
 349        2PY         0.00000   0.00000   0.00000   0.00000   0.00000
 350        2PZ         0.08012  -0.07655   0.03887   0.11378   0.00251
 351        3S          0.00000   0.00000   0.00000   0.00000   0.00000
 352        3PX         0.00001  -0.00001   0.00000   0.00001   0.00000
 353        3PY         0.00000   0.00000   0.00000   0.00000   0.00000
 354        3PZ         0.11019  -0.11436   0.05910   0.18089   0.00422
 355 52  C  1S          0.00000   0.00000   0.00000   0.00000   0.00000
 356        2S          0.00000   0.00000   0.00000   0.00000   0.00000
 357        2PX         0.00000   0.00000   0.00000   0.00001   0.00000
 358        2PY         0.00000   0.00000   0.00000   0.00000   0.00000
 359        2PZ         0.07983  -0.07621   0.03855   0.11276   0.00229
 360        3S          0.00000   0.00000   0.00000   0.00000   0.00000
 361        3PX         0.00001  -0.00001   0.00000   0.00001   0.00000
 362        3PY         0.00000   0.00000   0.00000   0.00000   0.00000
 363        3PZ         0.10947  -0.11374   0.05848   0.17900   0.00383
 364 53  C  1S          0.00000   0.00000   0.00000   0.00000   0.00000
 365        2S          0.00000   0.00000   0.00000   0.00000   0.00000
 366        2PX         0.00000   0.00000   0.00000   0.00000   0.00000
 367        2PY         0.00000   0.00000   0.00000   0.00000   0.00000
 368        2PZ         0.01390  -0.03439   0.01840   0.07558   0.00219
 369        3S          0.00000   0.00000   0.00000   0.00000   0.00000
 370        3PX         0.00000   0.00000   0.00000   0.00001   0.00000
 371        3PY         0.00000   0.00000   0.00000   0.00000   0.00000
 372        3PZ         0.02575  -0.05850   0.03107   0.12737   0.00371
 373 54  H  1S          0.00000   0.00000   0.00000   0.00000   0.00000
 374        2S          0.00000   0.00000   0.00000   0.00000   0.00000
 375 55  C  1S          0.00000   0.00000   0.00000   0.00000   0.00000
 376        2S          0.00000   0.00000   0.00000   0.00000   0.00000
 377        2PX         0.00000   0.00000   0.00000   0.00000   0.00000
 378        2PY         0.00000   0.00000   0.00000   0.00000   0.00000
 379        2PZ         0.01484  -0.03506   0.01894   0.07715   0.00243
 380        3S          0.00000   0.00000   0.00000   0.00000   0.00000
 381        3PX         0.00000   0.00000   0.00000   0.00001   0.00000
 382        3PY         0.00000   0.00000   0.00000   0.00000   0.00000
 383        3PZ         0.02710  -0.05946   0.03190   0.12976   0.00411
 384 56  H  1S          0.00000   0.00000   0.00000   0.00000   0.00000
 385        2S          0.00000   0.00000   0.00000   0.00000   0.00000
 386 57  C  1S          0.00000   0.00000   0.00000   0.00000   0.00000
 387        2S          0.00000   0.00000   0.00000   0.00000   0.00000
 388        2PX         0.00000   0.00001   0.00000  -0.00001   0.00000
 389        2PY         0.00000   0.00000   0.00000   0.00000   0.00000
 390        2PZ        -0.09076   0.10451  -0.05410  -0.18220  -0.00468
 391        3S          0.00000   0.00000   0.00000   0.00000   0.00000
 392        3PX        -0.00001   0.00001   0.00000  -0.00002   0.00000
 393        3PY         0.00000   0.00000   0.00000   0.00000   0.00000
 394        3PZ        -0.13076   0.16433  -0.08549  -0.29849  -0.00795
 395 58  H  1S          0.00000   0.00000   0.00000   0.00000   0.00000
 396        2S          0.00000   0.00000   0.00000   0.00000   0.00000
 397 59  H  1S          0.00000   0.00000   0.00000   0.00000   0.00000
 398        2S          0.00000   0.00000   0.00000   0.00000   0.00000
 399 60  H  1S          0.00000   0.00000   0.00000   0.00000   0.00000
 400        2S          0.00000   0.00000   0.00000   0.00000   0.00000