C -3.046700 -2.814100 -0.000200
C -1.655000 -2.814100 -0.000200
C -0.934600 -1.610200 -0.000200
C -1.634500 -0.418800 -0.000100
C -3.063500 -0.417900 -0.000200
C -3.766400 -1.611100 -0.000200
H -3.593500 -3.768600 -0.000100
H 0.164200 -1.622200 -0.000100
H -4.865400 -1.618700 -0.000400
C -1.118000 0.993800 0.000000
C -2.374000 1.821200 0.000000
C -2.521100 3.195100 0.000100
C -3.816700 3.733400 -0.000000
C -4.934800 2.904800 0.000200
C -4.796800 1.509700 0.000000
C -3.521600 0.969600 -0.000100
H -1.645500 3.859000 0.000200
H -5.942400 3.346100 0.000400
H -5.684300 0.861500 0.000000
~0 -0.675400 -4.523300 -0.000200
~1 -4.042600 5.650100 -0.000300
+1 -0.102800 1.329100 -1.485200
+0 -0.058500 1.343400 1.550300

1 2 Ar
1 6 Ar
1 7 1
2 3 Ar
2 20 1
3 4 2
3 8 1
4 5 Ar
4 10 1
5 6 2
5 16 1
6 9 1
10 11 1
10 22 1
10 23 1
11 12 2
11 16 Ar
12 13 Ar
12 17 1
13 14 Ar
13 21 1
14 15 Ar
14 18 1
15 16 2
15 19 1
