C 0.352800 0.457300 -0.168400
C 1.798600 0.457300 -0.168400
C 1.770700 2.850200 -0.168300
C 0.380800 2.850200 -0.168100
C -0.074200 -0.936500 -0.168600
C 2.225500 -0.936300 -0.168500
H 2.082200 3.402100 0.693900
H 0.069300 3.402200 -1.030200
S 1.075400 -1.747900 -0.168700
O -0.345800 1.647700 -0.168100
O 2.497200 1.647700 -0.168400
H 0.069500 3.402100 0.694000
H 2.082100 3.402200 -1.030400
~0 4.102200 -1.535500 -0.168300
~1 -1.913000 -1.522900 -0.168600

1 2 1
1 5 2
1 10 1
2 6 2
2 11 1
3 4 1
3 7 1
3 11 1
3 13 1
4 8 1
4 10 1
4 12 1
5 9 1
5 15 1
6 9 1
6 14 1
