Si -3.043500 0.186300 0.000000
C -2.396800 1.100900 1.584000
H -2.751900 2.110200 1.583000
H -2.755100 0.597600 2.457700
H -1.326800 1.099100 1.585000
C -2.396800 1.100900 -1.584000
H -1.326800 1.101000 -1.583900
H -2.753300 0.596300 -2.457700
H -2.753600 2.109600 -1.584100
C -4.983500 0.186400 0.000000
H -5.340200 -0.317900 -0.873700
H -5.340200 -0.318200 0.873600
H -5.340100 1.195200 0.000100
*~0 -2.253500 -2.048100 0.000000

1 2 1
1 6 1
1 10 1
1 14 1
2 3 1
2 4 1
2 5 1
6 7 1
6 8 1
6 9 1
10 11 1
10 12 1
10 13 1
