C 0.000000 0.000000 0.000000
C 1.411000 0.000000 0.000000
C -0.824500 1.131600 0.000000
C 2.186600 1.187700 0.000100
C -0.048800 2.319300 0.000000
C 1.362200 2.319300 0.000100
C 0.778700 -2.039100 -0.000200
C 0.583400 4.358400 -0.000200
*~0 -2.792900 1.210300 -0.000200
*~1 4.115100 1.110700 0.000100
~0 0.596400 -3.940400 -0.000400
~1 0.758100 6.180000 -0.000200
C -0.496900 3.628500 -0.000100
H -1.518000 3.948400 -0.000200
C 1.859100 -1.309200 -0.000100
H 2.880100 -1.629100 -0.000100
C -0.397200 -1.314500 -0.000100
H -1.081800 -1.248200 -0.819800
H -0.869500 -1.814500 0.819500
C 1.759400 3.633800 0.000100
H 2.600500 3.149700 0.450700
H 2.075100 4.551600 -0.450200

1 2 Ar
1 3 Ar
1 17 1
2 4 Ar
2 15 1
3 5 Ar
3 9 1
4 6 Ar
4 10 1
5 6 Ar
5 13 1
6 20 1
7 11 1
7 15 2
7 17 1
8 12 1
8 13 2
8 20 1
13 14 1
15 16 1
17 18 1
17 19 1
20 21 1
20 22 1
