C 0.000000 0.000000 0.000000
C 1.411000 0.000000 0.000000
C -0.824500 1.131600 0.000000
C 2.186600 1.187700 0.000100
C -0.048800 2.319300 0.000000
C 1.362200 2.319300 0.000100
O -0.397200 -1.314500 -0.000100
N 1.859100 -1.309200 -0.000100
C 0.778700 -2.039100 -0.000200
O 1.759400 3.633800 0.000100
N -0.496900 3.628500 -0.000100
C 0.583400 4.358400 -0.000200
*~0 -2.792900 1.210300 -0.000200
*~1 4.115100 1.110700 0.000100
~0 0.596400 -3.940400 -0.000400
~1 0.758100 6.180000 -0.000200

1 2 Ar
1 3 Ar
1 7 1
2 4 Ar
2 8 1
3 5 Ar
3 13 1
4 6 Ar
4 14 1
5 6 Ar
5 11 1
6 10 1
7 9 1
8 9 2
9 15 1
10 12 1
11 12 2
12 16 1
